Tempo: 2.87186336517334    Epoca: 1



Tempo: 4.2325897216796875    Epoca: 1



Tempo: 5.592757225036621    Epoca: 1



Tempo: 6.946858167648315    Epoca: 1



